-64.21672902
-63.44574554
-62.68616679
-61.93715136
-61.19786173
-60.46740514
-59.74482136
-59.02906752
-58.31898992
-57.61324869
-56.91033809
-56.20855977
-55.50593099
-54.80016859
-54.08867059
-53.36843033
-52.63591765
-51.88707178
-51.11720331
-50.32080352
-50.27015921
-50.16800897
-50.01297455
-49.80361583
-49.53811534
-49.21422163
-48.82912772
-48.37919101
-47.85969026
-47.26475962
-46.58691529
-45.81684374
-44.94305487
-43.95131146
-42.82396754
-41.53920101
-40.07012412
-38.38375904
-36.43952678
-34.18803935
-31.56981974
-28.51481165
-24.94354547
-20.77186322
-15.92300337
-10.34984552
-4.07221958
2.77737794
9.91762205
16.93040909
23.34440029
28.76725244
32.99367252
36.02827594
38.02748586
39.21219987
39.79836540
39.96189359
39.83100406
39.49279809
39.00402964
38.40100895
37.70706032
36.93753871
36.10301485
35.21121809
34.26817999
33.27890137
32.24773965
31.17863036
30.07521247
28.94089830
27.77891464
26.59232367
25.38402772
24.15677423
22.91315814
21.65562587
20.38647701
19.10786083
17.82177909
16.53008876
15.23450546
13.93660956
12.63784791
11.33953000
10.04285114
8.74889526
7.45861217
6.17285650
4.89239533
3.61789078
2.34989765
1.08891184
-0.16463367
-1.41041618
-2.64818017
-3.87770513
-5.09881286
-6.31141229
-7.51549277
-8.71105489
-9.89812436
-11.07675982
-12.24710527
-13.40938783
-14.56383762
-15.71070750
-16.85028619
-17.98290809
-19.10896141
-20.22899470
-21.34359776
-22.45340576
-23.55912163
-24.66153365
-25.76153058
-26.86011541
-27.95841839
-29.05770958
-30.15947397
-31.26538108
-32.37724162
-33.49703022
-34.62690082
-35.76919587
-36.92644965
-38.10138498
-39.29696426
-40.51631416
-41.76263004
-43.03913676
-44.34902052
-45.69528321
-47.08059484
-48.50707309
-49.97585457
-51.48705373
-53.03885093
-54.62764227
-56.24689936
-57.88731975
-59.53633630
-61.17787537
-62.79319481
-64.36135357
-65.86066963
-67.27056781
-68.57316885
-69.75508338
-70.80848168
-71.73133816
-72.52699427
-73.20314854
-73.77052549
-74.24148037
-74.62884936
-74.94506591
-75.20159850
-75.40862990
-75.57496698
-75.70806936
-75.81415648
-75.89835352
-75.96484783
-76.01703949
-76.05767732
-76.08897727
-76.11272267
-76.13034733
-76.14300372
-76.15161840
-76.15693681
-76.15955920
-76.15996950
-76.15855837
-76.15564163
-76.15147500
-76.14626590
-76.14018278
-76.13336275
-76.12591754
-76.11793837
-76.10949985
-76.10066308
-76.09147818
-76.08198635
-76.07222146
-76.06221145
-76.05197933
-76.04154414
-76.03092160
-76.02012472
-76.00916428
-75.99804921
-75.98678690
-75.97538347
-75.96384399
-75.95217267
-75.94037299
